2 0.086993 0.197635 0.173986 0.280405
2 0.692568 0.058277 0.236486 0.113176
2 0.901182 0.234797 0.187500 0.452703
2 0.940878 0.626689 0.104730 0.435811
2 0.926520 0.886824 0.143581 0.155405
2 0.741554 0.828547 0.253378 0.309122
2 0.809122 0.629223 0.209459 0.390203
2 0.739020 0.284628 0.224662 0.393581
2 0.557432 0.484797 0.300676 0.449324
2 0.473818 0.163851 0.298986 0.304054
2 0.277027 0.271115 0.246622 0.457770
2 0.177365 0.435811 0.260135 0.347973
2 0.055743 0.584459 0.111486 0.489865
2 0.220439 0.774493 0.278716 0.366554
2 0.481419 0.714527 0.324324 0.435811
2 0.338682 0.930743 0.369932 0.138514