2 0.059966 0.111486 0.119932 0.172297
2 0.247466 0.108953 0.285473 0.204392
2 0.400338 0.291385 0.246622 0.491554
2 0.156250 0.309966 0.261824 0.386824
2 0.038007 0.549831 0.062500 0.501689
2 0.122466 0.871622 0.244932 0.239865
2 0.908784 0.213682 0.158784 0.417230
2 0.651182 0.133446 0.234797 0.266892
2 0.766892 0.249155 0.233108 0.457770
2 0.545608 0.446791 0.270270 0.440878
2 0.170608 0.615709 0.233108 0.346284
2 0.319257 0.744932 0.226351 0.445946
2 0.535473 0.799831 0.300676 0.315878
2 0.761824 0.595439 0.209459 0.373311
2 0.918074 0.619932 0.119932 0.527027
2 0.774493 0.843750 0.275338 0.167230