2 0.135135 0.125845 0.246622 0.248311
2 0.918074 0.682432 0.146959 0.449324
2 0.932432 0.266047 0.135135 0.508446
2 0.795608 0.069257 0.266892 0.138514
2 0.554899 0.152872 0.288851 0.305743
2 0.331081 0.239020 0.246622 0.454392
2 0.177365 0.406250 0.239865 0.292230
2 0.039696 0.487331 0.079392 0.484797
2 0.158784 0.707770 0.277027 0.378378
2 0.434966 0.679899 0.248311 0.478041
2 0.562500 0.480574 0.263514 0.454392
2 0.777027 0.310811 0.209459 0.371622
2 0.775338 0.677365 0.206081 0.388514
2 0.874155 0.935811 0.214527 0.104730
2 0.664696 0.836993 0.214527 0.295608
2 0.227196 0.908784 0.359797 0.148649